-0.008600
-0.066706
-0.250207
-0.592755
-0.957222
-1.014146
-0.457526
0.650701
1.736085
2.010481
1.072955
-0.668364
-2.168172
-2.450383
-1.313817
0.527980
1.971095
2.266873
1.418335
0.018525
-1.214727
-1.809662
-1.637086
-0.830230
0.305834
1.351210
1.864311
1.557476
0.486703
-0.891439
-1.897583
-1.988020
-1.083160
0.362792
1.613540
2.058974
1.519427
0.290695
-1.039790
-1.871592
-1.841935
-0.971430
0.344007
1.504268
1.975196
1.533635
0.372946
-0.976658
-1.882049
-1.903413
-1.018442
0.352190
1.550425
2.010073
1.526903
0.337918
-1.002823
-1.876764
-1.877025
-0.999012
0.347888
1.530501
1.995734
1.530529
0.353068
-0.992219
-1.879819
-1.888604
-1.006922
0.350370
1.539310
2.001620
1.528526
0.346370
-0.996637
-1.878334
-1.883724
-1.003871
0.349004
1.535549
1.999418
1.529724
0.349300
-0.994991
-1.879247
-1.885798
-1.004825
0.349968
1.537175
1.999942
1.528711
0.347925
-0.995329
-1.878368
-1.884774
-1.004747
0.349093
1.536295
1.999878
1.529345
0.348463
-0.995418
-1.878824
-1.884949
-1.004372
0.349650
1.536506
1.999644
1.529038
0.348425
-0.995285
-1.878899
-1.885374
-1.004815
0.349662
1.537058
2.000283
1.529199
0.348002
-0.995825
-1.878982
-1.884879
-1.004177
0.349885
1.536690
1.999673
1.528896
0.348292
-0.995132
-1.878366
-1.884735
-1.004537
0.349348
1.536397
1.999829
1.529349
0.348657
-0.995183
-1.878853
-1.885350
-1.004869
0.349497
1.536880
2.000278
1.529468
0.348433
-0.995497
-1.878973
-1.885182
-1.004557
0.349722
1.536883
2.000101
1.529270
0.348370
-0.995375
-1.878745
-1.885010
-1.004586
0.349456
1.536507
1.999854
1.529342
0.348722
-0.995023
-1.878706
-1.885359
-1.005077
0.349198
1.536663
2.000249
1.529585
0.348551
-0.995484
-1.879022
-1.885159
-1.004425
0.349806
1.536723
1.999725
1.528976
0.348448
-0.994964
-1.878364
-1.884987
-1.004882
0.349205
1.536607
2.000227
1.529600
0.348572
-0.995464
-1.879001
-1.885170
-1.004498
0.349729
1.536775
1.999974
1.529292
0.348549
-0.995277
-1.878989
-1.885541
-1.004990
0.349590
1.537149
2.000492
1.529424
0.348165
-0.995741
-1.878960
-1.884913
-1.004270
0.349767
1.536641
1.999786
1.529149
0.348508
-0.995164
-1.878709
-1.885212
-1.004851
0.349387
1.536729
2.000189
1.529477
0.348487
-0.995489
-1.879043
-1.885273
-1.004588
0.349756
1.536900
2.000027
1.529125
0.348242
-0.995427
-1.878747
-1.885034
-1.004674
0.349331
1.536411
1.999842
1.529411
0.348801
-0.995033
-1.878831
-1.885490
-1.005052
0.349405
1.536861
2.000180
1.529203
0.348120
-0.995628
-1.878802
-1.884832
-1.004318
0.349611
1.536433
1.999598
1.529070
0.348601
-0.994944
-1.878504
-1.885137
-1.004873
0.349380
1.536767
2.000180
1.529333
0.348267
-0.995610
-1.878948
-1.885019
-1.004351
0.349827
1.536779
1.999787
1.528864
0.348051
-0.995466
-1.878586
-1.884717
-1.004360
0.349454
1.536264
1.999521
1.529126
0.348733
-0.994837
-1.878496
-1.885245
-1.005073
0.349160
1.536658
2.000290
1.529617
0.348519
-0.995593
-1.879172
-1.885290
-1.004468
0.349894
1.536912
1.999898
1.528990
0.348247
-0.995268
-1.878534
-1.884840
-1.004472
0.349586
1.536632
1.999821
1.529033
0.348260
-0.995311
-1.878575
-1.884913
-1.004719
0.349117
1.536169
1.999729
1.529449
0.348873
-0.995025
-1.878861
-1.885467
-1.004957
0.349493
1.536870
2.000151
1.529237
0.348234
-0.995545
-1.878873
-1.885047
-1.004511
0.349624
1.536692
1.999949
1.529292
0.348593
-0.995083
-1.878601
-1.885135
-1.004879
0.349251
1.536560
2.000077
1.529473
0.348596
-0.995300
-1.878847
-1.885158
-1.004597
0.349672
1.536848
2.000090
1.529308
0.348481
-0.995223
-1.878652
-1.885068
-1.004777
0.349271
1.536464
1.999956
1.529449
0.348683
-0.995222
-1.878906
-1.885345
-1.004776
0.349604
1.536857
2.000060
1.529189
0.348358
-0.995210
-1.878448
-1.884754
-1.004507
0.349378
1.536390
1.999774
1.529276
0.348623
-0.995130
-1.878727
-1.885222
-1.004824
0.349413
1.536680
2.000038
1.529315
0.348493
-0.995194
-1.878567
-1.884936
-1.004686
0.349238
1.536330
1.999841
1.529453
0.348796
-0.995084
-1.878802
-1.885278
-1.004749
0.349551
1.536691
1.999822
1.528971
0.348209
-0.995323
-1.878573
-1.884894
-1.004629
0.349300
1.536378
1.999851
1.529422
0.348725
-0.995220
-1.879023
-1.885518
-1.004836
0.349775
1.537198
2.000364
1.529261
0.348162
-0.995541
-1.878727
-1.884878
-1.004497
0.349442
1.536453
1.999834
1.529346
0.348702
-0.995068
-1.878703
-1.885238
-1.004859
0.349392
1.536690
2.000050
1.529247
0.348271
-0.995545
-1.878876
-1.884991
-1.004417
0.349660
1.536607
1.999788
1.529150
0.348493
-0.995215
-1.878803
-1.885288
-1.004791
0.349612
1.536947
2.000145
1.529101
0.348039
-0.995602
-1.878643
-1.884614
-1.004173
0.349598
1.536294
1.999445
1.528979
0.348536
-0.995083
-1.878755
-1.885410
-1.005018
0.349444
1.536979
2.000373
1.529344
0.348052
-0.995913
-1.879081
-1.884798
-1.003868
0.350211
1.536721
1.999309
1.528400
0.348051
-0.994999
-1.878135
-1.884776
-1.004917
0.348922
1.536260
2.000006
1.529550
0.348603
-0.995466
-1.879075
-1.885270
-1.004559
0.349703
1.536709
1.999805
1.529064
0.348432
-0.995100
-1.878489
-1.884944
-1.004674
0.349383
1.536551
1.999959
1.529380
0.348648
-0.995115
-1.878669
-1.885126
-1.004733
0.349452
1.536646
1.999944
1.529184
0.348339
-0.995358
-1.878674
-1.884870
-1.004380
0.349669
1.536607
1.999729
1.528973
0.348229
-0.995421
-1.878797
-1.885086
-1.004624
0.349495
1.536571
1.999853
1.529249
0.348609
-0.995060
-1.878616
-1.885156
-1.004829
0.349373
1.536640
1.999997
1.529231
0.348307
-0.995520
-1.878966
-1.885214
-1.004629
0.349651
1.536838
2.000073
1.529228
0.348279
-0.995534
-1.878930
-1.885111
-1.004510
0.349675
1.536688
1.999809
1.529066
0.348433
-0.995070
-1.878463
-1.885040
-1.004958
0.349037
1.536406
2.000159
1.529778
0.348931
-0.995125
-1.878857
-1.885244
-1.004669
0.349595
1.536705
1.999886
1.529121
0.348382
-0.995238
-1.878625
-1.884985
-1.004570
0.349620
1.536834
2.000134
1.529329
0.348413
-0.995343
-1.878719
-1.885003
-1.004594
0.349471
1.536562
1.999884
1.529240
0.348466
-0.995294
-1.878765
-1.885073
-1.004555
0.349639
1.536722
1.999873
1.529015
0.348159
-0.995462
-1.878643
-1.884718
-1.004217
0.349703
1.536468
1.999546
1.528986
0.348595
-0.994807
-1.878294
-1.885044
-1.005067
0.348928
1.536327
2.000069
1.529646
0.348778
-0.995263
-1.878973
-1.885332
-1.004686
0.349697
1.536888
2.000009
1.529063
0.348180
-0.995402
-1.878612
-1.884877
-1.004609
0.349302
1.536400
1.999929
1.529519
0.348776
-0.995223
-1.879018
-1.885460
-1.004777
0.349730
1.537000
2.000074
1.528982
0.347954
-0.995661
-1.878729
-1.884724
-1.004229
0.349670
1.536486
1.999665
1.529139
0.348641
-0.994939
-1.878510
-1.885158
-1.004980
0.349141
1.536505
2.000111
1.529561
0.348626
-0.995423
-1.879089
-1.885354
-1.004603
0.349824
1.536965
1.999991
1.528991
0.348126
-0.995398
-1.878543
-1.884743
-1.004433
0.349428
1.536351
1.999679
1.529231
0.348693
-0.995008
-1.878691
-1.885341
-1.005018
0.349292
1.536692
2.000098
1.529299
0.348391
-0.995270
-1.878513
-1.884781
-1.004557
0.349248
1.536254
1.999780
1.529454
0.348808
-0.995142
-1.878949
-1.885446
-1.004826
0.349660
1.536988
2.000175
1.529188
0.348203
-0.995450
-1.878639
-1.884813
-1.004471
0.349402
1.536334
1.999658
1.529170
0.348583
-0.995081
-1.878588
-1.885026
-1.004657
0.349449
1.536554
1.999835
1.529153
0.348392
-0.995330
-1.878788
-1.885112
-1.004591
0.349649
1.536780
1.999945
1.529097
0.348271
-0.995359
-1.878679
-1.884999
-1.004678
0.349315
1.536410
1.999822
1.529282
0.348518
-0.995349
-1.878936
-1.885226
-1.004551
0.349778
1.536817
1.999798
1.528876
0.348187
-0.995202
-1.878392
-1.884797
-1.004654
0.349285
1.536506
2.000058
1.529474
0.348490
-0.995563
-1.879120
-1.885206
-1.004349
0.350001
1.536929
1.999779
1.528777
0.348047
-0.995364
-1.878529
-1.884824
-1.004521
0.349493
1.536607
1.999936
1.529215
0.348320
-0.995493
-1.878888
-1.885053
-1.004447
0.349713
1.536690
1.999795
1.529054
0.348416
-0.995111
-1.878509
-1.885012
-1.004790
0.349289
1.536556
2.000044
1.529426
0.348565
-0.995282
-1.878779
-1.885103
-1.004648
0.349488
1.536628
1.999979
1.529358
0.348591
-0.995203
-1.878759
-1.885180
-1.004763
0.349390
1.536524
1.999838
1.529224
0.348551
-0.995141
-1.878690
-1.885196
-1.004832
0.349384
1.536630
1.999936
1.529135
0.348250
-0.995450
-1.878755
-1.884968
-1.004521
0.349520
1.536539
1.999801
1.529173
0.348507
-0.995115
-1.878524
-1.884928
-1.004628
0.349372
1.536432
1.999769
1.529218
0.348613
-0.994994
-1.878466
-1.884978
-1.004743
0.349312
1.536523
1.999979
1.529375
0.348529
-0.995351
-1.878911
-1.885243
-1.004697
0.349562
0.000000
0.000000
0.000000
0.000000
0.000000
0.000000
0.000000
0.000000
0.000000
0.000000
0.000000
0.000000
0.000000
0.000000
0.000000
0.000000
0.000000
0.000000
0.000000
0.000000
