-0.247133
-0.083759
0.683933
-0.464570
-2.830615
-1.407862
1.987572
1.427191
-0.371218
0.829266
1.952015
0.874218
-1.588562
-4.278124
-2.778812
2.460829
3.468728
0.630329
0.308717
0.826605
-0.236883
-1.503139
-3.014830
-2.001210
2.240375
2.784747
-0.089715
0.294781
1.567543
0.264306
-1.601503
-3.410267
-2.438076
2.209186
3.212075
0.212130
0.245893
1.342424
0.008143
-1.626818
-3.164263
-2.261772
2.181542
3.084105
0.064916
0.230133
1.485221
0.110189
-1.643943
-3.237664
-2.346139
2.172211
3.166947
0.123244
0.218600
1.442624
0.062032
-1.648884
-3.189054
-2.312584
2.164552
3.142236
0.095966
0.216261
1.471229
0.081140
-1.654242
-3.203650
-2.328098
2.163555
3.159188
0.106972
0.212700
1.462632
0.072264
-1.654783
-3.193850
-2.321962
2.161155
3.154233
0.102155
0.212723
1.468537
0.075763
-1.656378
-3.196670
-2.324449
2.161436
3.157656
0.103793
0.211265
1.466695
0.074528
-1.655895
-3.194562
-2.323699
2.160273
3.156482
0.103204
0.211671
1.467888
0.074845
-1.656538
-3.194923
-2.323630
2.160701
3.157087
0.103214
0.211246
1.467732
0.074795
-1.656683
-3.195106
-2.323931
2.160634
3.157568
0.103748
0.211365
1.467455
0.074343
-1.656816
-3.194658
-2.323354
2.160834
3.157290
0.103192
0.211028
1.467715
0.075001
-1.656213
-3.194460
-2.323680
2.160276
3.156976
0.103326
0.211476
1.468114
0.074970
-1.656714
-3.195089
-2.324027
2.160423
3.157481
0.103787
0.211587
1.467880
0.074646
-1.656833
-3.194904
-2.323709
2.160641
3.157482
0.103605
0.211385
1.467828
0.074774
-1.656612
-3.194734
-2.323739
2.160372
3.157109
0.103361
0.211455
1.468179
0.075125
-1.656574
-3.195083
-2.324228
2.160115
3.157264
0.103756
0.211699
1.468007
0.074665
-1.656888
-3.194886
-2.323578
2.160725
3.157325
0.103230
0.211090
1.467903
0.075184
-1.656229
-3.194711
-2.324036
2.160123
3.157207
0.103732
0.211717
1.468029
0.074683
-1.656868
-3.194895
-2.323650
2.160648
3.157377
0.103479
0.211404
1.468005
0.074871
-1.656854
-3.195264
-2.324144
2.160506
3.157751
0.103997
0.211537
1.467624
0.074408
-1.656829
-3.194638
-2.323421
2.160684
3.157243
0.103293
0.211262
1.467964
0.074983
-1.656576
-3.194935
-2.324001
2.160304
3.157326
0.103695
0.211594
1.467944
0.074658
-1.656910
-3.194998
-2.323741
2.160673
3.157503
0.103534
0.211237
1.467696
0.074722
-1.656612
-3.194757
-2.323826
2.160246
3.157009
0.103349
0.211529
1.468258
0.075114
-1.656699
-3.195215
-2.324203
2.160324
3.157460
0.103685
0.211318
1.467576
0.074520
-1.656667
-3.194557
-2.323471
2.160528
3.157035
0.103104
0.211184
1.468059
0.075205
-1.656372
-3.194861
-2.324024
2.160298
3.157368
0.103686
0.211447
1.467724
0.074538
-1.656815
-3.194744
-2.323503
2.160745
3.157380
0.103292
0.210978
1.467508
0.074682
-1.656452
-3.194440
-2.323512
2.160371
3.156864
0.103028
0.211241
1.468190
0.075310
-1.656364
-3.194969
-2.324224
2.160079
3.157260
0.103793
0.211731
1.467977
0.074555
-1.657039
-3.195013
-2.323621
2.160811
3.157514
0.103403
0.211104
1.467705
0.074880
-1.656401
-3.194565
-2.323625
2.160504
3.157237
0.103326
0.211144
1.467716
0.074838
-1.656441
-3.194636
-2.323872
2.160032
3.156770
0.103237
0.211564
1.468330
0.075122
-1.656730
-3.195191
-2.324107
2.160412
3.157471
0.103654
0.211350
1.467694
0.074605
-1.656742
-3.194771
-2.323664
2.160540
3.157296
0.103457
0.211403
1.468049
0.075066
-1.656468
-3.194857
-2.324029
2.160166
3.157159
0.103583
0.211588
1.468054
0.074847
-1.656716
-3.194883
-2.323750
2.160590
3.157452
0.103595
0.211419
1.467938
0.074925
-1.656519
-3.194789
-2.323929
2.160184
3.157066
0.103466
0.211562
1.468138
0.074926
-1.656773
-3.195068
-2.323927
2.160520
3.157457
0.103567
0.211305
1.467815
0.074936
-1.656316
-3.194477
-2.323658
2.160294
3.156991
0.103280
0.211389
1.468082
0.075018
-1.656596
-3.194946
-2.323976
2.160331
3.157283
0.103544
0.211427
1.467950
0.074954
-1.656434
-3.194659
-2.323838
2.160153
3.156930
0.103349
0.211568
1.468253
0.075063
-1.656670
-3.195002
-2.323899
2.160469
3.157293
0.103326
0.211082
1.467669
0.074829
-1.656442
-3.194621
-2.323782
2.160217
3.156981
0.103359
0.211535
1.468180
0.074927
-1.656888
-3.195240
-2.323988
2.160691
3.157798
0.103871
0.211376
1.467617
0.074606
-1.656592
-3.194602
-2.323649
2.160361
3.157053
0.103337
0.211463
1.468160
0.075079
-1.656570
-3.194963
-2.324013
2.160310
3.157293
0.103555
0.211360
1.467727
0.074602
-1.656741
-3.194713
-2.323570
2.160576
3.157208
0.103295
0.211265
1.467949
0.074931
-1.656670
-3.195010
-2.323942
2.160528
3.157548
0.103650
0.211214
1.467497
0.074548
-1.656511
-3.194339
-2.323324
2.160515
3.156894
0.102952
0.211094
1.467991
0.075064
-1.656621
-3.195134
-2.324170
2.160363
3.157579
0.103877
0.211459
1.467510
0.074234
-1.656948
-3.194522
-2.323021
2.161129
3.157324
0.102815
0.210513
1.467508
0.075148
-1.656003
-3.194499
-2.324070
2.159838
3.156863
0.103513
0.211663
1.468059
0.074682
-1.656942
-3.194991
-2.323711
2.160617
3.157310
0.103311
0.211178
1.467890
0.075049
-1.656357
-3.194669
-2.323824
2.160301
3.157150
0.103464
0.211494
1.468105
0.075033
-1.656536
-3.194851
-2.323886
2.160371
3.157248
0.103449
0.211297
1.467795
0.074791
-1.656539
-3.194594
-2.323534
2.160586
3.157208
0.103235
0.211089
1.467686
0.074726
-1.656663
-3.194809
-2.323776
2.160413
3.157172
0.103358
0.211365
1.468065
0.075086
-1.656482
-3.194879
-2.323983
2.160290
3.157242
0.103503
0.211346
1.467764
0.074627
-1.656833
-3.194937
-2.323782
2.160569
3.157440
0.103577
0.211343
1.467737
0.074613
-1.656797
-3.194836
-2.323663
2.160594
3.157290
0.103313
0.211179
1.467892
0.075079
-1.656331
-3.194764
-2.324110
2.159954
3.157007
0.103667
0.211893
1.468386
0.075022
-1.656724
-3.194968
-2.323819
2.160513
3.157303
0.103390
0.211239
1.467840
0.074909
-1.656491
-3.194710
-2.323724
2.160540
3.157435
0.103639
0.211444
1.467870
0.074804
-1.656586
-3.194728
-2.323746
2.160391
3.157163
0.103387
0.211353
1.467924
0.074854
-1.656632
-3.194797
-2.323708
2.160556
3.157323
0.103377
0.211131
1.467617
0.074684
-1.656510
-3.194441
-2.323370
2.160621
3.157071
0.103051
0.211100
1.468052
0.075339
-1.656160
-3.194766
-2.324222
2.159844
3.156930
0.103577
0.211761
1.468233
0.074882
-1.656839
-3.195055
-2.323837
2.160615
3.157487
0.103513
0.211179
1.467637
0.074745
-1.656476
-3.194602
-2.323764
2.160221
3.157003
0.103434
0.211635
1.468232
0.074922
-1.656884
-3.195183
-2.323930
2.160648
3.157601
0.103579
0.211097
1.467411
0.074487
-1.656594
-3.194449
-2.323383
2.160589
3.157088
0.103169
0.211254
1.468099
0.075207
-1.656377
-3.194883
-2.324132
2.160060
3.157105
0.103615
0.211675
1.468084
0.074725
-1.656956
-3.195079
-2.323756
2.160742
3.157567
0.103497
0.211105
1.467582
0.074750
-1.656410
-3.194467
-2.323583
2.160346
3.156949
0.103184
0.211347
1.468150
0.075140
-1.656557
-3.195066
-2.324173
2.160211
3.157295
0.103602
0.211413
1.467848
0.074877
-1.656379
-3.194504
-2.323712
2.160165
3.156856
0.103286
0.211569
1.468264
0.075005
-1.656814
-3.195170
-2.323978
2.160579
3.157588
0.103679
0.211304
1.467661
0.074697
-1.656506
-3.194537
-2.323623
2.160322
3.156935
0.103161
0.211283
1.468042
0.075067
-1.656456
-3.194749
-2.323809
2.160365
3.157155
0.103340
0.211268
1.467851
0.074818
-1.656655
-3.194838
-2.323746
2.160568
3.157384
0.103450
0.211210
1.467728
0.074787
-1.656545
-3.194721
-2.323830
2.160231
3.157009
0.103328
0.211398
1.467975
0.074798
-1.656803
-3.194951
-2.323703
2.160697
3.157417
0.103302
0.210991
1.467644
0.074945
-1.656258
-3.194522
-2.323807
2.160204
3.157108
0.103562
0.211587
1.467948
0.074585
-1.656986
-3.194930
-2.323504
2.160918
3.157532
0.103285
0.210890
1.467504
0.074784
-1.656397
-3.194547
-2.323673
2.160410
3.157207
0.103442
0.211330
1.467778
0.074653
-1.656756
-3.194776
-2.323600
2.160632
3.157294
0.103297
0.211165
1.467876
0.075038
-1.656376
-3.194735
-2.323944
2.160204
3.157158
0.103551
0.211542
1.468022
0.074863
-1.656648
-3.194826
-2.323798
2.160406
3.157228
0.103483
0.211472
1.468049
0.074946
-1.656625
-3.194905
-2.323917
2.160307
3.157128
0.103345
0.211337
1.468007
0.075006
-1.656556
-3.194918
-2.323984
2.160302
3.157230
0.103439
0.211251
1.467710
0.074697
-1.656624
-3.194692
-2.323674
2.160439
3.157143
0.103307
0.211285
1.467963
0.075033
-1.656389
-3.194649
-2.323781
2.160287
3.157032
0.103274
0.211334
1.468072
0.075151
-1.656335
-3.194701
-2.323895
2.160229
3.157125
0.103484
0.211487
1.467985
0.074798
-1.656776
-3.194966
-2.323850
2.160477
0.000000
0.000000
0.000000
0.000000
0.000000
0.000000
0.000000
0.000000
0.000000
0.000000
0.000000
0.000000
0.000000
0.000000
0.000000
0.000000
0.000000
0.000000
0.000000
0.000000
